235231072
301185875
301185877
234169663
89016404
80836949
140336965
156501953
282503011
715766691
301185891
436619704
39354700
220140809
156241056
285000038
285000042
234065348
265899106
39838127
234878308
43144900
206794153
265715239
207004915
235548197
247681431
36288537
119461266
234169642
237590010
39667795
235552142
79635172
369673753
280212098
266193357
143215473
234926584
445955531
712487688
279900791
387690877
42991740
438545375
92009366
159086692
247556517
284199394
231161386
445955532
445955536
206840164
206840192
234158088
308387164
60242904
714514062
139476794
139476806
308169172
159057212
309908733
349480507
42885762
206840156
206850953
234146623
308169197
60242900
220149256
231959604
42991745
140209204
237647557
264594192
264594193
264594194
281157204
138904948
280304732
437918915
97568437
247681430
369681523
369681536
140336990
167256623
201370666
229237152
306905057
141709240
283006429
95418661
294119465
438288160
232034359
43144874
234624242
306817398
438223490
250443627
279796545
36990719
42991726
283006433
438293906
50659057
300324638
11808370
11808371
176470704
206840195
219409444
237507887
37316458
119461300
282495325
302340148
39668310
151063207
176614267
235414808
282351869
282998718
438288172
756454456
282209236
301704147
301704152
301704153
37316455
437918918
461703816
167389970
234624235
234894242
235303328
265555610
282798793
403692550
42338957
437904791
437904795
53588177
156393017
199785944
242250275
42170496
437904792
247918435
426186639
438069056
130471040
234936456
386424337
762545039
232032228
389246178
389246185
42828781
438227098
716204722
199968319
229385067
229385082
151063222
234715463
24452609
264624860
317689427
43144871
53162135
59612379
119372769
365847442
372609406
443259043
49831062
755847240
97806682
167394288
206764020
229385059
39415794
438418676
66648950
140508513
232224516
119461304
124502767
141866705
284282609
120745399
120745404
50659059
12038405
124689860
282269780
35952821
229385041
259701720
438509428
53588186
120747811
281413332
120388722
120747830
167118350
199822637
237660049
279320871
234169645
235306309
235409201
251289297
281418869
59280009
148340729
202184479
220140821
232198432
232198435
265546852
300654002
127301362
167327421
234226344
234715460
436423802
139642009
229358578
229385092
235396114
235409203
235457825
282387418
300036507
39469660
403692549
59280006
119167549
207046873
229385087
229385088
235258085
89014648
89014653
124502774
206674664
229385112
247676219
281986911
33715938
50744490
124432691
229287858
229385104
336880307
34581797
438295250
438424683
234260432
265546923
280638951
306691906
307126450
372490191
415563281
436012788
443454759
717496493
124432702
229358584
250470344
263333524
272186474
307728577
717440280
143354383
144668693
206674657
237742527
235409189
266193350
332970838
437938517
231346981
25424123
265899102
265899110
443319587
157209065
176614276
231973885
237507898
32873118
387229922
46683673
59213085
156189781
229352082
232412758
235409199
251206055
251237526
307812314
349480514
36288515
386327889
72917766
123725518
247681414
263272042
382627629
438416595
53074547
130644269
172929558
234665454
251206064
306690431
66775597
202011313
206840126
235258091
237691704
265899135
39354694
172833685
235258076
265362860
415559924
437986153
59861132
200056081
235548205
237441167
237441169
251134159
255614589
53170097
60242909
91522419
11966639
235437772
251258191
282263788
123887853
234700591
410901165
438509437
54061142
54061143
59884578
707289725
140458718
156734695
172463638
206854002
24433067
282577675
284161463
37240869
437918917
438416591
743942566
156947021
234169697
234699869
234699871
234885789
235408254
235548169
237559308
237559313
280121242
280121246
71517879
234699878
36208528
372609390
20176492
220205834
232480841
302869568
308169213
36208551
365690980
372425303
11293508
200120648
206840170
206840188
229164895
279616049
307949673
33715940
339857928
386327883
434376205
438365723
52737084
717496491
200050180
280304726
302496282
434376215
207021412
234616593
234699858
247714544
291343804
49246304
71725881
172307763
20299673
355357667
37240864
437905006
153166843
206702927
247667456
291260630
291260642
300325437
97806687
156947026
158824537
206764040
234209263
234209270
247512434
306691924
309908721
385899979
420979727
434376228
438207939
241921636
346646026
36367554
231093356
232481009
234665445
234665451
238185181
306691907
319725684
319853552
32606913
52541313
91522420
140570639
220284125
237691696
24888830
307950297
308066391
436624926
443444892
717295348
117765901
220149277
234008379
294671852
438124870
92009372
92009379
100682885
153685840
200088284
206853977
220047476
238126522
266003558
282387411
387694967
393121395
79687152
117817195
200056066
220130146
220130148
53588206
59347432
220297784
220297793
235540791
251258200
280702982
37075538
436618703
78819700
79781905
199969937
231161382
235155583
241986556
408236936
42466688
12232597
123574363
124688144
220149229
235155599
235155604
237742523
344087341
443460954
443460957
445938786
759314850
759314856
237402053
51827383
92990143
123887862
142403599
153694155
20069386
238011217
155306460
282579197
372425162
443083875
50897839
91928719
139411248
143381462
151236160
234066327
234066335
234879732
43144899
43246128
241921635
265999748
280638974
63192395
140337579
156574193
202143810
206724120
206786798
220297790
229178814
229396922
232280023
238034675
247923859
271901807
35481250
36208513
369675041
369675055
443330065
717181226
150067840
281714329
302340144
386272893
42888689
438287069
53594991
80566011
91928688
206946569
207004590
220332979
229195593
229195598
307126714
369467873
437986119
438460242
140443194
235445122
302862144
307372724
32926886
387226003
11299475
130615297
140458706
149629043
231178604
237695822
247866378
91928692
11300045
140458729
157531814
206890742
207004944
234830112
235499713
247878677
294057678
294057679
34508912
35481234
369711010
434376251
436243628
79141239
150067837
232280001
232280010
247712900
300034498
34508448
35481236
36993007
415559907
52967746
207020288
220336796
235397625
251188823
39676299
438410463
48754534
119301028
20069384
260130290
260161144
302869577
434389267
71576133
737425238
737425239
207021422
235397623
251238463
336880311
385823460
220275892
229178824
231822771
235185235
237425160
241921634
247956122
282808760
42821191
436338003
438365608
438545686
438545690
443255589
59354634
11300044
11357838
220275907
235489262
281714339
281804470
299939799
31259271
36997737
372495910
438114855
96925988
118929099
21729804
282577679
287848525
307129872
4351786
49246291
53455094
59860471
11901022
220275894
247878714
307249028
445960570
52515811
369681539
369681546
102571243
172929552
172929553
172929554
202114282
219155476
233975504
234876578
235397631
247681411
247833780
302535426
317878794
372490054
372490056
438195198
438195201
49246311
52507996
59543269
97856341
156571689
202184223
247712901
442923972
48755874
206763638
220313662
24451446
283006461
284284106
306609971
369673758
37606903
385901760
42991764
711721199
711721201
96443288
207021417
280113554
308486315
308487320
35574283
387690538
434380323
445938775
461710769
72781536
206850943
235303345
279989655
282381271
34851176
42766697
43239415
438460748
52588893
53418296
61170886
11693134
237694486
237722387
237722392
241986937
265546846
281807810
48755859
747218124
97576369
158954932
220053768
220212793
234209267
291334195
306818567
319856659
337266314
434376188
434376190
147765319
206952262
235126767
235184613
251237538
265156769
282349911
306507227
308064528
32761657
32761659
438460756
438465172
199784245
20062065
220200239
234226357
235155619
237425139
237652382
238081665
382269132
219373406
271639765
282510373
393092190
434376194
438226468
52871524
156241215
220419359
235542975
355357661
438288209
48755855
97576379
12036808
144544666
220404905
263290044
301593898
319853550
349835367
438056472
438120388
438231187
438231192
93171302
93171303
140608211
170102292
207002240
247878693
32558398
37999466
385905982
438418693
220215755
235517223
141413795
155310669
167037441
172409280
25511232
372428016
438193116
715692071
11807985
127234520
229345338
229369640
234631920
234955149
287351976
319437069
39468270
4378082
438288149
140507408
202274144
207012035
232153159
251287085
282118477
349522140
37403711
434376185
92010421
117883206
172409276
172409281
206763616
206763641
232032230
238043771
282512945
42885775
442923974
445936004
461712045
48328235
124193566
206674658
234212254
235328548
437960834
457250054
79781922
123739819
139673135
237360565
263466025
278992257
307574667
319616481
36369488
59547870
80575183
156571696
156846286
206706853
220156264
234066111
234066121
247713496
263805916
263805918
282194928
287436782
288257992
438051479
708180727
130651822
157403189
158824564
250594379
281056561
309794213
141413799
150443184
150443185
176612492
235047281
265613698
300162041
343862758
138858938
173042689
202059438
234723446
234816231
235282359
355354860
712481447
759357598
11412481
12155361
229296087
234955151
372495652
7393001
140343938
141268467
199756433
206730379
263584181
282711546
284999958
385756901
43239409
437960821
53595005
80768279
124193559
172409268
234173767
234173782
251180522
265613712
285001452
43148902
52641320
97576370
150443182
220278229
251257259
350145806
42759114
438102208
156241220
161636565
200519163
202274151
202274156
220062284
235511459
25188030
434395786
438051474
438318289
438318293
52492969
711020884
206853997
207049483
220042007
234226326
251232498
25188041
280703313
385990845
393087658
436422772
437911978
714036588
220053762
220053779
234631923
234699566
234699575
235517237
280216513
307806180
336878177
387686027
42766728
53328216
59467987
79536184
119634758
150067832
202012021
220278774
237647564
251290224
279909812
438365742
202013055
220054381
234675020
235510782
257064029
307249024
438416631
47769650
220278765
220278771
232266797
234876565
238202490
247519440
265086450
265555628
283099108
306573146
386327879
387226002
387226006
59215285
91522396
119856203
119856205
167815131
24627304
247951919
247951922
281807799
294119358
461710337
72555159
755806710
755806711
755806714
146991454
160327120
160327122
176452170
307815952
343861903
37491131
37491134
42991771
43144927
438074354
438532403
93372665
12092920
219373407
237699495
281145601
282381320
34139425
36369244
36446514
389251749
438287074
97721116
127052431
167250523
263180440
280703319
37169531
42172108
43245130
95331208
123577262
229385061
33419790
33419791
438369056
59773973
206793652
247591791
287436796
301602592
36367535
438318495
438518330
52737100
52910763
123725520
220205515
220205522
237459151
281419495
302928030
36369450
39224033
42168327
42338994
427498584
438156352
52419153
52490532
52490540
758588764
123887855
206950495
235482201
247951965
66741133
80833659
157009131
157751579
206952265
220314428
232275656
234718963
266069323
32526585
52967894
59773069
59773079
143350469
202123500
266005221
280304746
282711505
42885757
434395777
438120399
708675316
78737109
206850980
231189062
235150294
256992600
263469220
282269123
438490748
120388737
120388745
142613987
167389964
206898684
234258446
388181972
437918877
49246328
53420292
66891807
119066120
153686489
201967673
242066984
247951932
263935078
265901698
280698193
280698211
322571084
438541389
48659352
52492972
11287278
140343098
151063942
229283808
232172437
234211934
234675034
234936385
247681395
25188017
25505378
300139467
306394854
32524622
337264502
437888456
437888466
437904787
438010609
438533129
67165357
713971096
97643959
120745510
120745516
234212259
234831816
234853021
237555597
250518183
274324642
294119467
307379994
319476530
36009922
438305018
512630521
52591175
138980992
138980994
202187851
234170112
234715434
235150292
235275297
235547035
436423236
438507142
52289383
140378340
156631792
206906639
235501596
241860193
280110534
282381323
282634923
301704134
4587536
716330582
120023562
147177238
156283720
206840221
231189149
234226327
247751753
281322199
281410573
281410575
282608279
306811519
306811520
36997742
438102250
438102256
438102283
504873937
67038755
717401923
97957463
229358555
238925784
280216516
39347476
4355752
438393845
147031109
155143947
168109107
170402602
199784248
220065910
235055770
307721582
438067180
50744481
715244742
130651823
155015983
155015986
168109097
231941727
237742507
263273394
37491161
12158853
140385401
156433672
220205510
237424347
250470378
281321641
300027690
35483066
39349958
52515813
61170902
123884419
147177245
159090432
220195036
235483628
264683738
279613801
282801930
300014528
302607398
386419262
393096644
427498568
43324086
47907355
755957527
762766806
762766807
80837979
89009108
89013013
97718435
11290473
119235482
123574606
219394587
247591794
263291854
265621303
49704123
59352117
59352123
78746193
156737447
206730380
231172563
234044291
237508314
25421467
282618247
434382848
436709759
438490613
66830641
142603349
180944469
229199633
235228359
235499719
263338018
265086437
42766198
43327199
134309817
151106144
220054740
234624218
237744130
281976038
39839099
438188232
713085594
127054111
232271577
234174682
301180981
340976116
63108487
101143973
123672886
229172635
229172638
235113193
235113197
264686924
265899090
283097682
283097696
291385402
317413731
438188214
59352119
59769557
234163517
234231483
263582525
281989086
438107602
438460275
134310309
138899645
142603343
156242857
167256801
199964143
206950498
257064673
257064676
263284387
37157588
37599737
66831733
119517340
220054731
220314432
233975488
257064701
263940221
37317116
427498596
438365709
438424698
67096813
713085585
757783988
119376608
12094210
151064870
220200241
237635396
238085313
255616224
260161885
264622610
287913859
30034081
427347453
46485176
48754513
140375164
151064875
206730388
235108062
247906239
263692321
301593008
438052170
438053462
438315593
438430406
443259040
96741675
141268468
147031104
159090434
176614275
247712918
250568161
282024617
290053263
434406370
120023539
176760033
219407299
220194707
232458636
234059632
247870021
263284294
263582547
263680857
263685905
274324641
282512954
282712575
308497967
39580127
443052779
60407058
118655356
168064708
263284522
282353252
306394848
340979875
437896028
714358471
72041756
80603783
97644157
120388822
12155362
142403667
180945396
180945398
229357603
235166065
235166070
238157821
257064710
263692288
263692297
282711541
302896031
434318116
438103755
438456641
438456643
52818336
53487824
234212280
247740667
271638035
282799700
307372701
340979884
36294881
365693989
42991747
438459437
67096817
130647997
206903946
282708653
301602588
38762229
388848580
438521267
50662902
118655345
12155738
231969533
247743498
263597612
39468264
39676289
438410453
59715559
79687168
96797114
156352684
206791476
234624253
263338004
264620564
282302391
33005217
33743774
36009898
36009913
386044399
514347833
219192317
229193182
229385033
235108058
247555128
247555131
308164696
350520980
37167120
438327504
91923581
12034975
206840130
229195577
234112678
234112682
234212296
237665459
247952093
247952098
247952100
291332070
302615636
31142624
33743771
35718706
747896446
438188251
756394032
157207866
177164595
206708825
232496194
237761291
250524544
264742463
282579208
34509924
375147924
710521411
78742402
143147337
229195596
232231203
235297379
237753583
257064693
257064694
282083645
319853545
340889726
39293717
59475574
757783998
12305886
123844618
153166064
156352686
201497357
235441316
237500496
25049195
25049197
260654689
438144929
438144948
92881298
140506579
199820155
206852183
247869555
251236629
283000809
42462942
52517749
80831930
119549533
172927750
232412439
235445103
237538903
237665469
25154836
263334962
280703334
32531479
4254629
63196462
72881172
95252298
100682887
141213462
143144122
176473618
232253325
234090557
234767554
237753596
237753600
263803647
263803651
279989670
34510946
4253350
434395750
438404714
52968161
142716563
157564766
158871833
200005741
234955162
237636831
237665444
263690160
264740542
281055015
306690323
97479090
102411949
139538879
231181723
247951926
291384806
302926132
36574438
37325658
43239436
59352107
716324875
119292865
144695651
231950430
232054338
237425531
242060546
59474268
142403603
142403607
147260698
202056728
220062281
233969695
234664259
250574607
36005946
36574460
52818339
53406154
60290008
711027655
88871571
153612699
172833675
200023354
206786233
25638148
33419786
386272918
391895155
438144924
72830097
123925920
124431545
168111419
176406741
234051444
235381716
247635067
280428016
282303687
302826215
307811455
32791572
37167139
427450640
43324171
437886160
53588513
759027477
759027485
759027489
147257639
280110515
280110528
307372364
33469095
37998410
388917840
388917846
437992864
59354636
710319011
176727165
176727173
201466405
263803663
37156352
50620776
52903586
80768296
89016343
235409188
237614290
247786809
247952267
263336488
279050373
279640074
302932974
307015998
36208503
42328907
48400932
59273459
59612397
60242896
80599014
102541006
147031092
234558290
24586824
282608252
284282605
301778294
32704229
438144955
438144960
438223482
123763888
153695680
200049670
229350625
231803612
235105585
279090251
282580883
306690265
306690309
415592264
438195203
438318485
49382652
53234153
72493924
734726640
147032748
167672392
177387851
232197885
234710091
263803653
251116245
234665452
237635371
281800777
37325663
80769762
89102329
97968423
144695662
206956191
220298077
232489096
241986859
24946163
263698662
270626438
291380703
309796301
34195914
438410451
48051750
127106135
140761918
155304633
229372612
231921890
235396116
307031349
307031361
38811805
434317269
438364397
438500197
438500206
142408946
157531828
229161510
279997099
280697989
438193171
47394158
53420413
71795706
168114997
206948494
21506185
308492395
308492408
308492414
437998774
53168927
95417622
140566150
150361911
167304040
206769622
235255373
241992883
263186115
263940092
282387420
302828011
306630840
308492380
34795452
350622185
42892957
438195214
734511288
119459300
120386264
150168900
155538033
156246950
158956102
167046012
167757851
206786228
206786234
234089345
234209274
235483622
237759086
281528957
427505782
438007788
438007791
438007799
438007804
50662897
53119708
79627975
79627979
118788675
231921891
234037308
237567699
255780317
282518252
33834253
434400381
443001092
443120411
712534539
117666617
157127216
165225355
231182731
234715433
247555114
299586959
306695375
349966338
436422197
48099099
48615019
52641866
53640854
719215219
235110392
235500528
264624886
340979862
37241593
43083804
434380466
436428546
51897161
72921630
761099808
102282850
102282862
102405780
120023537
229358608
242066340
282123758
282123760
317877186
426184542
436429331
438308515
52903575
53590159
715827718
715827719
100682066
102405788
124416948
206883869
234112669
235487354
235487359
237560396
32601287
36572882
369675077
385810107
386198449
386198452
421900284
436153693
438005995
438541392
53980506
102448131
124491772
151470826
155540003
234608684
234631933
281413348
36010711
504983548
140290238
199920707
138857219
235509963
180968723
200007328
24528258
302926143
307244763
307472428
317134373
36572893
42756524
96655768
123548370
158089205
199968330
200513061
232156129
234842465
238144758
247522332
263184878
270626439
306778837
307244755
307379999
307729196
232503647
235376391
307948536
317023799
317023801
369598895
37601240
461679612
52414890
117669965
156934673
172463652
229172649
229177256
235177990
281989309
308492394
42238059
47487964
49770425
11287275
118655328
123737240
156501952
172123016
229296084
229357607
235385233
36369537
391813788
42889544
436158501
437905270
438214174
716855773
91693950
100831255
153686481
234699569
247877885
308158782
308165680
437888472
46392811
134283629
158824529
167258172
232030081
234931113
237761277
36367570
42829148
436428550
438205154
49246663
59616211
11356414
160327137
202059671
219367505
229357117
234231475
234608561
234939408
260503860
59281012
140290007
206854052
234723456
307583153
35239399
386150044
50794262
53487794
12036816
123799308
167391829
229373581
250486755
260608573
278825952
436332160
443312726
72492159
206653623
229167211
234609825
263685886
59354587
155449761
156239686
234271535
237492712
279155318
281537939
294160103
307729199
307730027
319729438
33741380
386425531
403694319
42467691
42766545
436007914
436007915
712468817
12036805
123464210
155539998
235158811
235207637
264623432
280305735
288071275
31796120
437896850
52493430
650263134
234235191
234624280
242193164
242199180
24721065
265898534
265898548
37083951
385898108
438230592
438424086
711218649
711218650
97855820
100509705
176589635
220278193
234699893
237590038
241992900
247786779
281902167
282353256
33716637
35576992
37204002
47592922
59474839
12232577
155018604
206883897
206888525
256991943
282618431
299622919
306478189
317924031
37167165
93277836
97643362
97643363
12305908
140375768
156499602
237650750
263337990
285001458
307729934
311358823
36104844
42888681
435931161
438211257
52515794
59211237
59211243
97811554
102573461
102573464
117817190
156693844
157204881
199968913
220055655
229337793
237740800
247741854
247741855
251161425
278724059
293853612
349909778
436338304
11807993
118785300
220109800
234211174
265810439
277314298
438537436
438537443
443115063
63202928
72491704
11902955
123894430
140381938
14172591
157529086
202008614
237465867
251236566
437995226
443450339
445951346
445951353
53554096
119552655
220220059
229368967
237441940
250482463
282083359
285002062
307244663
36287133
391902612
42887958
52976639
52976643
60242894
96922430
151473771
167746516
199896200
235395229
281811799
306573636
33870244
220317094
234274584
237696417
251258199
281537936
332918021
365846952
369668219
37081271
420980341
438507324
442999931
50724952
12040967
200005375
234156298
234699908
234699912
235493226
237693550
25126289
263291860
271551933
306896976
323422335
34728840
420979729
427353034
438105290
438500205
50726014
52665720
53484357
91696811
101271795
156429090
200004678
202228021
220278776
234256681
237691668
251133662
263336146
48169953
48543862
715319763
200523682
220212516
234771411
247866484
280216486
307244781
42174034
436429332
51897723
711764725
714848447
156737446
206850513
220619072
234214523
237730054
274316831
274316832
280637182
282307763
282394731
32526578
365696754
372471654
382101519
393269899
427394223
427394234
61497262
66886679
80772938
141827133
166983871
201371638
229307195
232169351
235343439
308056659
319735809
35420708
388179607
60242914
705664804
140567702
231791552
231952206
231952207
270714561
282027930
283003872
283003873
287846593
287846594
337332900
434318195
53328873
716485777
96656286
97567596
147941520
176670764
200005379
206767175
220149210
280706273
281575742
281614508
282381357
282618434
307940614
31869094
34469014
393087035
393087037
4205632
438102207
48098578
717525829
118788191
123548360
123548382
140565876
153688463
170101571
206722601
206887485
206887486
219202313
232230229
235158818
717703405
717703406
96655797
219203188
220329778
229375446
234070802
237567959
237703032
237738813
301775581
301775589
307246204
308492483
36555076
369675003
50582701
50897991
52668113
758666130
89099372
231160641
231939742
235117665
242127618
247760477
157674272
220194693
234040025
271811068
301491260
445946196
91600665
123658777
123737271
158960155
167260972
172198147
272322379
281409893
282216621
285001647
323346596
407728818
445146345
714647073
80768266
117667255
168191541
172117708
206858037
220296640
232230237
237730083
237770757
238133852
266072835
280291807
306894651
333619039
36440159
438323649
47632376
159026179
206701325
206849530
229372586
234568629
237694467
256992706
265448157
308382686
308382690
336883551
36574983
46431828
49381127
53489897
712623571
123884250
139679345
151354333
160329794
220228670
235348803
237758059
247530589
247794818
301775587
386425809
438198116
438207572
438364949
443281832
52819227
52819232
53583856
712722676
89014670
144615175
157343727
123738433
307377041
168060811
234122031
276662581
385818083
71727587
263677937
437957391
234832148
199914316
78816649
93097738
144542315
66737542
247528226
151585683
388179896
59212404
156288582
436529455
220620547
453082403
220422363
167896568
147856901
271643533
436423408
33865219
290039579
267253184