235302840
291385340
151467181
100682876
72782194
61399839
61587373
61587383
237652393
237744078
42819010
437956145
434400399
119553244
36995455
97642729
25248826
220113180
220113185
717187734
717187735
202015589
307021664
307021665
237816806
266005231
711834166
279902112
762634460
91870711
91870715
91870721
237742115
434403321
250589534
263694657
263694668
63043258
168195898
282304507
53176760
231347373
250470383
282607438
282607443
36998354
438490744
319730823
167119003
291332565
97643944
199886262
237667069
263805896
53421164
235449761
237613397
237635393
301775577
427394717
427394721
427394732
333140513
386267565
120327872
438193125
30313695
282303787
36438546
167307525
280297598
207019236
234256682
237816792
386045551
206858968
151281308
237422089
281413326
317333116
124096035
143105037
220212798
234270718
237426004
250566384
438507276
63043273
232504049
372525102
52910741
119693800
220140776
237557746
36094844
147262970
151413672
235179160
237555097
274323309
415592262
118935385
206677614
202057921
237562829
25578965
300027688
283005122
293847715
52447309
235493186
263466519
438306256
140508405
232517203
256994773
307941149
307941156
42436911
42436921
134427177
160327110
234059178
238016533
350443411
37161257
46273269
140289762
235170684
235170685
235381694
302763454
43082670
206888773
237717213
264462229
271596289
271596290
308572176
263694670
714339896
251257228
282797023
274325606
79781919
237702256
283091116
301600664
59280995
155452540
437908461
206729314
234675045
168195892
156934681
437981565
437981571
118790170
202019119
263476659
32524653
235546148
52983940
232489442
232489446
283091125
283091130
155463295
434395810
434395816
270714573
282303511
301278967
302931072
427398881
156635950
263291813
30313682
438197607
445954659
156630984
265166599
266072850
266072868
267253813
37406097
96857580
247591778
247761771
39352879
235167682
438199922
206786262
235449770
307373514
438106155
206852824
265714985
427394259
427394309
427394322
265166507
281801435
281801438
443117776
235493171
237761272
247664190
438017383
438052629
59769582
61583775
124432695
235183568
242133878
25702078
307246232
307464375
710934629
710934632
157751353
234084588
277298108
308246734
308246739
758559990
173084347
308483237
346485796
427499161
168064870
234764922
282998729
282998731
282998735
42168297
713068439
234186526
281611766
281611767
307374123
307374131
59726019
758565157
220330096
237414582
288261492
220274287
232226625
294206969
118930361
151175282
237493783
123884230
234062074
237513299
259699536
282800464
438507347
438507349
60349502
119235925
138980771
220313051
247681438
263475932
279251373
282303482
282303485
283006907
438188422
443022445
61584965
159030184
220047483
36298123
438489066
167175198
443024241
46560996
53158069
53595499
36438524
387691226
42339221
443319596
151353651
234048267
235434687
237508322
237761283
269286064
437940115
438364944
118789562
170223873
247586524
265455255
52686323
770655470
92938520
202145012
206957931
220240699
220313041
387152259
63295977
79298007
151584617
206794777
232504051
232504053
235256241
25126297