151290873
150167319
46430860
219389540
148466573
31406847
34509850
142018697
364424408
271551109
59848003
235058181
255590987
350584820
30317282
279572957
157076761
24401034
59277801
301184144
242133922
219380615
156886111
200368439
52111781
167550778
247752676
11201263
302491052
59546592
52001055
443052860
287638537
61499909
157460439
156194175
156194180
279323744
167815117
270677813
231720407
147948928
78055893
100479167
31281820
119020352
238194430
167207809
124251608
706185962
706185961
167324989
32600963
148466457
156921008
134227131
24824554
32707063
61246632
37735962
30948085
264621259